   1 501   1   1  481
  11 502   1  11  482
  22 503   2   6  483
  27 504   2  11  484
  33 505   3   1  485
  39 506   3   7  486
  51 507   4   3  487
  57 508   4   9  488
  67 509   5   3  489
  73 510   5   9  490
  85 511   6   5  491
  86 512   6   6  492
  99 513   7   3  493
 105 514   7   9  494
 118 515   8   6  495
 119 516   8   7  496
 129 517   9   1  497
 131 518   9   3  498
 146 519  10   2  499
 152 520  10   8  500
 166 601  11   6  501
 172 602  11  12  502
 177 603  12   1  503
 189 604  12  13  504
 202 605  13  10  505
 207 606  13  15  506
 210 607  14   2  507
 213 608  14   5  508
 225 609  15   1  509
 232 610  15   8  510
 255 611  16  15  511
 256 612  16  16  512
 263 613  17   7  513
 266 614  17  10  514
 283 615  18  11  515
 285 616  18  13  516
 289 617  19   1  517
 301 618  19  13  518
 310 619  20   6  519
 315 620  20  11  520
 322 701  21   2  521
 326 702  21   6  522
 344 703  22   8  523
 349 704  22  13  524
 356 705  23   4  525
 367 706  23  15  526
 376 707  24   8  527
 380 708  24  12  528
 385 709  25   1  529
 396 710  25  12  530
 402 711  26   2  531
 408 712  26   8  532
 419 713  27   3  533
 425 714  27   9  534
 446 715  28  14  535
 447 716  28  15  536
 454 717  29   6  537
 463 718  29  15  538
 466 719  30   2  539
 469 720  30   5  540

parent photo-label  subtype token  data/model-numbering  
