   -2.757  -1.594   1.052   0.768   1.343   1.711   1.795   0.809
    2.001  -0.754   1.405  -1.382  -1.384   0.976  -0.067   1.972
    0.261  -0.508  -2.962  -0.608   0.009  -0.191   2.720  -1.224
    0.382  -0.027  -0.148  -1.899  -1.948   1.862   0.968   0.986
    0.288   2.013  -1.102  -1.285   0.344  -0.009   2.696  -0.174
    0.411   0.774  -0.159  -0.702   0.549  -0.190   1.475  -0.160
   -0.216   3.113  -0.658   0.221   1.368   2.023   2.831   1.723
    0.865  -1.546  -1.107  -1.305   1.267  -0.621   1.348  -0.359
    0.459  -0.777  -1.395  -1.371   0.050  -0.356   1.544  -0.982
   -0.582  -2.410   0.381  -1.065   0.047  -0.442   2.267  -0.415
    2.318  -0.631  -2.065  -0.186  -0.817  -0.120   1.397  -0.633
    1.563  -0.737   2.421  -1.209   0.518   3.401  -0.339   0.903
   -1.078  -0.305  -1.117  -1.705  -0.589   0.229   2.062  -1.835
    0.678   0.382   0.548  -0.755  -1.356  -0.478   1.574  -0.019
   -0.211   1.464   0.010   1.159   0.074   0.064   0.888   0.869
    0.393   1.522  -0.163  -0.319  -0.703   0.397   1.571   0.047
   -0.960  -3.138  -2.114  -1.250   0.137   1.169   1.165   0.327
   -0.334  -2.202  -2.496  -0.790   0.683   0.345   2.287  -0.777
   -0.107  -0.695  -1.449  -1.731   0.503   0.594   2.244  -1.735
   -2.244  -3.196  -2.508  -0.729  -0.238   1.884   1.707   0.389
   -1.961  -2.853  -2.588  -1.051  -0.102   1.925   2.067   0.409
   -2.281  -2.692  -2.591  -0.212   0.266   0.834   1.336   0.140
    0.839  -2.904   0.939  -1.041  -0.347   0.874   1.102  -1.773
   -2.693  -3.402  -2.413  -0.609   0.659   1.164   1.380   0.446
   -0.493  -2.501  -2.329  -1.864   0.551   0.420   1.955   0.036
   -1.964  -3.153  -2.216   0.004  -0.532   3.495   1.282   1.168
    0.684  -2.022   0.105   0.198   0.454  -0.006   2.753  -2.077
    0.132  -1.847  -0.814  -1.476  -0.533  -0.070   1.694  -2.176
   -2.787  -2.849  -0.725  -0.341  -0.425   3.364   0.888   1.228
   -1.722  -3.339   1.152  -0.446  -0.987   4.146   0.202   3.018
   -2.073  -3.340   0.115  -1.731  -0.710   3.121   0.504   0.982
   -1.651  -3.188  -0.091  -1.484  -0.634   5.109   0.325   1.526
   -0.872  -0.098   0.266  -0.861   1.249  -0.107   1.457   0.001
   -0.596   2.684  -0.401   2.421   2.380   0.620   0.986   0.012
    0.476   0.895   0.418  -0.676   1.205   0.051   1.889   0.713
    0.430   0.694   0.227  -1.250   0.815   0.633   3.079   1.508
    1.495   0.013   1.445  -0.735   0.577   0.107   1.436   0.165
    0.556   1.042   2.073   0.159   0.305   0.610   0.564   0.872
    0.597   0.892   1.959   1.377   0.557   1.715   0.703   3.341
    0.903   2.388   1.466   2.715   1.637   1.047   1.278   0.488
    1.200   1.852   1.830   0.836   0.799   2.075   1.742   2.976
    0.885   0.500   1.932  -0.504   1.688   1.678   2.833   2.321
    0.303   1.991   1.664   0.864   1.959   2.072   2.004   1.713
    0.749   0.952   2.451   0.339   1.405   3.195   2.940   2.694
    0.190   1.448   2.467   0.060  -0.015   3.622   1.071   2.308
    1.299   1.956   1.357   1.128   0.547   0.358   0.662   1.782
   -0.146   0.296   1.859  -1.668   1.100   3.557   1.290   2.021
    0.333   1.669   1.065   0.740   0.895   1.046   1.146   2.171
   -0.270   1.205   0.575  -0.580   0.259   0.568   3.042  -0.459
   -1.389  -3.660  -0.595  -1.012   0.489   1.495   2.276   1.602
   -1.047   0.944   0.338  -1.007   1.157  -0.226   1.229   1.320
   -0.658   0.101   0.264   1.192   0.078  -0.458   1.600   1.147
   -1.597  -0.333   0.535  -0.264  -1.229   2.480   3.783   1.565
   -0.934  -0.290  -1.592  -0.410   0.258   1.190   3.100  -1.838
    0.048   0.925  -1.181  -0.636  -1.194   4.838  -0.893   1.194
   -1.257  -1.071   0.663  -0.878  -0.651   0.096   2.479   1.272
   -2.462  -1.269  -0.613   1.063  -0.914   0.517   1.917   0.568
   -2.171  -2.476   0.323   0.035   0.382   0.549   2.120   0.655
   -1.052  -1.538  -0.845  -1.503   0.542   0.079   2.249   0.071
   -1.034  -0.310  -0.305  -2.141   0.989   0.283   1.304   0.726
   -2.116  -0.316   0.993  -1.253  -0.047   4.170   0.838   2.434
   -2.570  -1.213   0.569  -0.077  -0.442   4.420   0.779   1.478
   -2.255  -0.283   0.830  -1.127   0.245   3.749   1.336   2.402
   -2.598  -2.908   0.044  -0.500  -0.755   3.628   0.779   1.496
   -0.705   2.266   1.229   1.219   0.328   4.651  -0.219  -0.006
    1.489   1.246   1.883  -0.222   0.874   1.629   0.960   1.268
    1.999   1.354   1.017  -0.304   0.217   3.839   0.017   0.139
    0.979   1.311   1.908   0.123   1.258   0.869   1.271   1.185
   -0.674   1.022   0.084   0.542   1.077   5.570  -0.256   0.545
    0.637   1.529   1.599   0.356   0.814   1.056   1.012   2.274
    0.913   1.035   1.390   0.030   0.636   0.295   1.516   1.167
    1.322   1.372   2.027   0.588   0.318   1.095   1.585   1.977
    0.234   1.246  -0.137   1.331  -1.413   3.416  -1.544   1.666
   -0.420   1.692   1.204  -0.154   0.409   3.725  -0.450   1.402
    2.536   1.123   1.439   1.004  -0.011   1.703   0.786   2.063
    1.993   1.741   0.471   0.723  -0.099   1.928   0.228   2.264
   -0.297   1.678   1.168   0.236  -0.685   2.800  -0.722  -0.517
    1.171   1.392   1.845   1.544   1.217   0.592   1.315   0.365
    1.283   1.759   0.722   0.280   0.476   0.200   0.942   0.896
   -0.486   1.064   0.234   0.083  -0.358   1.005   0.756   0.399
   -2.268  -3.631  -1.582   2.678  -0.634   3.014   0.629   1.648
   -2.128  -3.697  -1.778   4.429   0.274   1.908   0.782   0.063
   -1.955  -2.582  -1.754   3.928   0.016   1.092   2.311   0.544
   -2.633  -3.224  -1.654   3.974  -0.175   1.970   1.532   0.724
   -1.511  -1.678  -0.469   4.593  -1.926   1.576   0.349   1.334
   -1.999  -1.998  -0.426   4.883   0.940   3.932  -0.371  -0.237
   -2.113  -2.249  -0.266   4.102   1.328   3.729   0.488   0.873
   -1.567  -2.922  -1.297   4.915   0.586   1.729   0.952  -0.563
   -2.177  -2.914  -1.618   4.007  -0.279   1.567   1.969   0.964
   -1.513  -2.592  -1.200   4.840  -0.079   1.600   1.109   2.497
   -2.299  -3.631  -1.583   4.170  -0.344   1.352   1.257   0.870
   -2.284  -3.400  -1.333   4.229  -0.392   1.916   0.738   0.269
   -2.925  -3.878  -0.869   3.472   0.327   2.172   1.550   1.085
   -2.811  -3.846  -1.410   2.769  -0.344   2.904   1.378   1.046
   -2.010  -3.537  -0.505   3.775  -1.437   3.078   0.842   2.125
   -2.861  -4.053  -1.255   3.458  -0.613   2.058   1.095   1.039
    0.860   1.044   1.234   2.443  -2.151   3.459   3.353   1.659
   -0.559   0.171   0.526   2.701  -0.807   5.295   0.245   0.875
    1.337   0.091  -1.837   2.386  -2.520   3.996   4.344   2.043
    1.487   1.372   0.753   2.086  -1.355   0.163   0.441   1.074
    0.514  -0.057   0.527   3.845   0.090   3.397   3.394   1.826
    3.402   0.346  -0.845   1.372   0.480   4.403   3.399   2.707
    0.381   0.242   0.762   2.469  -1.840   4.474   3.762  -0.115
   -0.399  -1.056   0.321   3.854  -0.795   4.318   2.142   2.992
    1.488   0.246  -1.020   2.489  -2.247   4.371   4.559   1.548
    1.898  -0.356  -0.975   2.656   0.600   5.007   5.609   0.558
    0.037  -0.113   0.171   3.647  -1.138   5.875   1.583  -0.985
    0.782   0.086  -0.062   2.564  -1.058  -0.211   1.164   2.124
    1.323  -0.609   1.771  -0.839  -3.723   3.435   1.403   2.085
   -1.542  -0.763  -0.407   2.237  -2.501   2.722   1.805   2.812
    0.675   0.843  -0.865   3.511  -1.765   3.921   2.608   4.309
    2.605  -0.695  -0.350   1.683  -4.104   0.282   0.867   1.691
   -2.623  -2.593  -0.699  -1.164   0.881   1.501   3.024   1.158
    0.233   0.627   2.088   0.001  -0.701   3.575   3.870   1.145
   -1.893   0.884  -1.118  -0.700  -2.306   2.004   2.198   0.187
    0.939   0.851   1.520   0.170  -2.131   3.812   1.278  -1.107
   -0.605  -0.729   0.539   0.049   0.818   1.926   4.554   0.071
   -0.270   0.751   0.745   1.556  -1.463   2.880   4.985   0.912
   -0.303   0.410   0.508  -0.673  -0.164   1.991   4.895   0.582
   -0.638  -0.195   1.328  -0.616  -1.379   2.110   4.014   0.452
   -1.393  -1.624   0.036  -0.461   0.260   0.215   3.176  -0.141
    0.145   0.943   0.909  -0.122  -0.855   1.207   4.435   0.611
    0.788   0.203   0.943  -1.373  -1.280   2.934   3.880  -1.288
    0.355   1.259   1.873   0.957   0.007   2.038   3.805   1.578
    0.575  -0.418   1.255   0.421   1.204   3.210   5.385  -2.201
    2.231   0.413  -0.487  -1.085   0.989   4.962   3.694   1.449
    1.095   1.574   0.374   0.933  -0.421   3.645   4.370  -0.996
   -1.599  -0.396  -0.083   1.341   0.992   3.485   5.085  -0.186
    2.958  -1.686   2.779  -1.153  -0.005   1.819   1.187  -0.280
    2.886  -2.492   3.162   0.145   1.130   1.851   0.612  -1.168
    2.696  -2.886   1.827  -1.315  -0.241   3.000   1.070   0.639
    2.034  -2.923   2.273  -1.167  -0.645   0.770   1.266  -0.339
    2.111  -2.740   2.759  -1.147  -0.684   3.391   3.195  -1.200
    2.631  -2.638   1.466  -1.361   0.291   4.731   1.372  -0.295
    2.144  -1.248   2.824  -0.154   1.694   0.828   1.384  -0.387
    2.716  -2.169   0.607  -1.267  -0.574  -0.377   1.509  -1.357
    2.638  -2.834   2.922   0.574  -0.439   0.886   1.009  -1.400
    3.633  -1.686   2.573  -0.264   0.288   1.185   2.305  -1.072
    3.431  -2.385   1.320  -1.468   0.837   2.225   1.897   0.772
    4.274  -2.315   0.262  -0.425  -0.162   0.805   1.825  -0.597
    2.370  -3.066   1.894  -1.688  -0.460   5.583   1.386   0.183
    1.719  -2.643   2.223  -1.482  -0.848   5.198   0.389   0.267
    1.699  -2.674   2.240  -2.065  -1.234   4.946   1.110   0.064
    0.202  -3.657   2.541  -0.937  -1.714   5.303  -0.404  -0.158
    2.224  -0.530   1.515  -1.185  -0.588   2.489   1.784   2.721
    1.183   0.786  -0.595  -1.544   0.309   1.079  -0.161  -1.360
   -0.358  -1.224  -2.224   2.693   3.694   1.129   2.417  -0.549
    2.967  -2.846  -1.616  -0.564   1.229   3.753  -0.900  -1.763
    0.572  -2.091  -0.647  -1.812  -0.387   4.563  -0.685   0.216
    0.457  -1.006  -3.194   2.425   3.847   1.346   1.499  -0.527
   -1.454  -2.920  -2.016   0.005   2.422   1.614   0.628   1.409
    2.169  -2.174  -1.537  -2.048   1.202   4.806  -0.290   0.264
    0.855   0.240   0.768  -0.918   0.040   5.480  -0.481  -2.403
    1.440   1.176  -0.592  -1.804   0.877   2.490   4.017  -0.174
    1.890  -3.142  -1.712  -1.155   0.902   0.565   1.637  -0.432
    0.108   0.681   0.623  -1.386   0.004   3.941  -1.408   0.714
    0.724   1.250  -0.573  -0.874  -0.026   4.783  -0.911  -0.663
    1.954  -1.048  -1.698  -2.337  -0.214   1.963  -1.421  -0.317
    0.349   1.666  -0.326  -0.608  -1.018   3.745   0.677   1.734
    1.998  -2.270  -0.414  -2.037  -0.695   1.324  -0.339   1.039
   -2.749  -0.196   1.117   1.914   0.388   1.845   0.526   0.536
   -2.566  -2.468  -0.978   0.698   0.168   0.987   2.142  -0.411
   -2.281  -0.451  -0.409   3.085   2.960   1.113   1.608   0.204
   -2.054  -1.111  -1.273   0.081   0.465   0.488   2.599   1.348
   -0.615  -0.027   1.885   0.015   1.454   0.787   1.539   0.292
   -2.463  -0.978  -0.233  -0.394   1.182   0.443   2.643  -0.394
   -0.843   0.494  -0.076   1.421   0.502   0.390   2.500   0.189
   -2.569  -1.708  -0.714   2.410  -0.641   1.303   1.497   0.726
   -1.031   0.377   2.111   0.236   2.287   2.512   1.972   0.944
   -2.230  -0.097   0.307   1.050   1.927   0.337   1.353  -0.414
   -1.687   1.751  -1.261   1.772  -1.217   2.774   3.178   0.314
   -0.759   1.738   0.327   1.922  -1.067   2.237   3.160   2.183
   -2.725  -1.742   0.433  -0.687   0.728   3.727   1.156   1.566
   -3.319  -0.666   0.568  -0.101   1.132   2.769   0.704   0.509
   -1.988  -2.741  -1.479  -1.468  -0.144   4.455   0.904   2.643
   -2.379  -1.508   0.913  -0.362   0.408   3.213   1.148   2.254
   -2.823  -3.250  -1.410   2.317   1.355   1.149   1.456   0.291
   -2.314  -2.270  -0.879   2.580  -0.922   1.167   1.252   1.575
   -0.564  -0.189  -1.563   3.169  -0.832   0.120   2.830  -0.301
   -2.457  -2.006  -0.677   3.872  -0.761   1.417   1.327   0.658
   -3.106  -2.760  -0.304   3.120  -0.235   1.558   1.753   0.397
   -1.275  -1.535  -2.480   1.228   1.208   0.365   2.029   0.254
   -1.988  -3.138  -1.616   2.559  -0.143   0.872   1.638   1.432
   -2.551  -3.297  -1.485   2.875  -0.310   0.923   1.909   0.505
   -2.134  -3.047  -1.475   2.584   0.036   0.941   1.660   0.820
   -2.572  -1.275  -1.173   2.861  -0.195   1.025   2.191   0.727
   -2.153  -2.153  -1.921   2.597   0.471   1.451   2.302   1.052
   -2.796  -2.463  -1.021   3.387  -0.879   1.156   1.856   1.027
   -2.139  -1.953  -0.897   3.125  -0.695   0.849   2.092   1.756
   -2.663  -1.960  -0.827   2.222  -0.428   0.708   1.987   0.951
   -2.342  -2.696  -1.073   2.464  -0.391   0.788   1.405   0.274
   -1.962  -2.129  -0.375   4.293  -1.042   0.754   1.385   1.138
    0.662   0.364  -2.449   0.793   2.681   2.578   3.945   2.267
    1.136   1.020   0.191  -0.666   2.209   2.190   2.669   1.690
    1.215   0.866   0.146   0.163   3.039   2.178   1.453   2.424
    0.488  -0.982   0.094  -0.398   3.780   1.483   0.803   3.069
    1.637   0.283   0.793  -1.186   1.676   2.606   4.221   0.929
    0.886  -0.434  -1.509  -0.704   3.191   0.396   1.172   1.675
   -0.256  -1.249  -1.439  -0.813   1.576   2.321   3.417   3.252
    1.238   0.548   0.435   0.888   3.283   1.647   2.651   1.432
    0.389  -0.173  -1.621  -0.101   3.354   1.253   2.309   0.748
    0.636   1.227   0.424  -0.934   2.125   2.180   0.631   2.153
    0.369  -0.297  -0.509   0.003   4.039   0.745   1.567   0.426
   -0.986  -0.140  -1.112   0.887   2.951   0.888   1.042   3.617
    0.309  -0.808   0.458  -1.229   1.955   4.622   1.440   3.280
    0.460   0.211  -0.822  -0.880   2.845   3.293  -0.469   2.221
   -0.360  -2.088  -0.088  -1.239   1.138   4.580   1.153   4.493
   -1.732  -1.550  -0.177  -1.078   1.424   4.185   0.509   2.748
   -2.070  -2.910  -2.012   0.741  -0.226   0.661   2.446   0.507
   -0.497  -2.343  -2.782  -1.114   0.814   0.098   2.733  -0.521
   -2.133  -3.733  -1.652   0.387  -0.161   0.944   2.153   0.425
   -0.811  -1.988  -1.941  -1.447  -0.051   2.433   1.109   1.295
   -2.308  -2.838  -2.239   1.011  -0.763   0.728   1.870   0.844
   -1.257  -2.918  -2.409  -0.039  -0.173   4.522   0.421  -0.140
   -3.074  -3.168  -0.563   0.573   0.100   2.483   2.532   0.510
   -1.114  -1.303  -2.702   0.575  -0.111   0.390   1.703   0.191
   -1.526  -1.185  -2.134  -1.099  -0.428   1.770   1.446   1.560
   -0.710  -1.702  -2.773  -1.857   1.881   1.268   3.166   0.869
   -1.827  -1.041  -2.671  -0.428  -0.219   1.240   2.045   0.378
   -1.196  -3.213  -2.851   0.888  -0.337   0.401   0.867   0.598
   -2.014  -1.604  -1.822  -0.485  -0.293   2.338   2.091   3.095
   -0.707  -2.105  -2.760  -0.932  -0.013  -0.094   2.150  -0.545
   -0.722  -2.890  -2.533  -1.349   1.315  -0.422   2.511   0.179
   -2.069  -0.826  -0.628  -1.163  -0.278   0.123   1.518   1.606
    2.464   0.358   1.312   0.837  -0.044   0.606   2.856   0.424
    4.393  -2.716  -1.195   1.961  -0.542   0.217   0.414   1.196
    4.639  -3.070  -1.158   2.172  -0.134   1.891   2.929  -0.429
    4.075  -2.155  -1.709   2.120   0.375   0.660   0.635   0.377
    4.431  -2.015  -1.812   1.641  -0.147   0.170   0.325   0.392
    3.809  -1.536  -1.153   1.665  -0.794  -0.312   1.363   0.839
    2.016  -0.464  -0.639  -0.727   1.929  -0.543   0.295   0.267
    2.585  -1.006   0.343   1.313   1.417   5.509  -0.055  -0.579
    3.404  -1.543  -0.827   1.452  -0.505  -0.559   2.561   0.280
    3.185  -1.386  -0.776   2.202   0.214   4.739  -0.710   0.844
    2.990   0.273  -0.851   0.999   0.599   3.562  -0.639  -0.036
    2.870  -0.111  -1.980   0.995   1.320  -0.270   1.207   1.056
    4.474  -1.553  -2.117   0.806   1.656   0.486   1.589   0.958
    3.485  -2.298  -2.082   0.348  -0.243   0.385   1.213   0.539
    4.526  -0.220  -1.857   1.401   2.156   1.481   0.110   0.140
    2.487  -1.777  -1.616  -1.000   0.057   0.946   2.196   1.422
    2.301  -0.126  -1.490   0.113   2.165  -0.903   1.961   1.450
   -0.507  -1.315  -1.599  -0.439   2.019   1.264   2.596   3.962
    1.816  -0.834  -3.322   0.173   3.695   1.048   2.225   0.534
    1.007   0.094  -1.468   0.952   2.536  -1.413   1.355   1.748
    0.008  -0.122  -3.328   0.030   1.440   0.816   3.130   1.928
    1.195   0.590  -1.452   1.528   2.143  -0.258   1.660   3.408
   -0.381   0.881  -2.005   1.760   3.146   1.469   2.595   1.286
   -0.310  -0.058  -0.545  -1.507   1.586   2.264   3.635   2.321
    0.332   0.753   0.874  -0.345   0.790   2.718   3.860   2.654
    0.094  -0.163  -1.933  -1.107   1.094   0.636   2.453   2.329
   -0.583  -0.690  -1.326   1.565   2.844   0.453   0.920   2.403
   -0.325  -1.040  -2.730  -0.362   2.191   1.455   1.546   3.165
    0.299   0.790  -1.572  -0.689   0.401   0.604   1.321   2.786
    0.636   0.779  -0.803  -0.414   1.641   3.221  -0.333   3.917
    1.420   0.043  -1.501   0.540   0.930   0.155   1.155   3.489
   -0.127  -0.234  -1.442  -0.030   0.069   0.677   3.935   3.400
   -0.922  -0.170  -0.522   2.486  -0.938  -0.929   2.379   0.341
    1.312  -3.028  -2.857  -1.410   0.410   1.841   1.930   1.323
    1.389  -3.554  -0.564  -0.788  -0.930   1.448   2.115   2.810
   -0.635  -0.452  -3.061  -0.129   0.596   2.397   4.201  -1.463
    1.992  -2.671  -3.431  -0.437   1.819   2.213   3.383   1.603
    0.928  -2.608  -2.213   0.960   2.426   0.676   3.971  -0.014
   -0.262  -2.084  -1.745  -1.014   1.023   3.404   5.097   1.458
   -1.770  -2.108  -2.093   2.520   0.365   1.659   4.275  -0.049
    1.305  -2.370   0.242   0.378   0.629   2.276   4.833   1.571
    0.201  -2.856  -2.312  -1.119   1.625   2.056   1.942   2.557
    0.253  -0.242  -0.435   0.462   1.112   0.271   3.307   2.100
    1.926  -2.847   0.165   0.960   2.888  -0.263   0.944   0.414
    1.061  -1.496  -1.719  -0.178   0.856   0.604   2.925   3.016
   -1.293  -2.838  -2.269   0.547  -0.614   2.619   4.336   2.898
   -1.523  -2.104  -2.010   0.483   1.231   0.361   1.788   1.049
    1.367  -0.532  -2.137  -0.844   1.494   0.377   3.130   1.755
    1.876  -1.347  -1.482  -1.961   1.079   0.973   1.072   1.417
    0.829  -2.854  -3.003  -0.703   1.980   2.403   0.402   2.256
    1.623   0.899  -1.007   0.055   1.452   1.928   3.156  -2.044
    2.109  -0.708  -2.004  -0.249  -0.659   1.382   3.084   1.349
    3.286  -1.565  -1.665  -1.014   1.023   0.958   1.917   0.451
    2.532  -1.457  -2.574  -0.291   0.635   3.433   1.242   2.407
    1.536  -2.435  -3.757  -0.715   0.127   3.269   3.248   0.475
    2.214  -2.047  -2.060  -0.864   0.514   0.327   2.182   0.510
    2.391   0.193  -3.125  -0.081   0.234   0.252   1.612   0.564
    1.859   0.022  -1.921   0.257  -0.992   3.121  -0.706   1.181
    0.762   0.141  -3.129  -1.065   1.771   5.273  -0.224  -1.183
    1.889  -2.407  -0.900  -1.096   2.081   5.177   2.080   2.082
    1.340  -0.920  -1.627  -2.110   1.260   2.898  -0.592   1.203
    2.052  -2.007  -2.414   0.054   0.189   1.665  -2.166  -0.577
    1.065  -0.118  -2.063  -1.412   1.150   1.253  -0.951   0.225
    0.494   0.396  -1.411  -1.166  -0.063   2.363  -1.745   1.957
    1.341  -1.529  -1.683  -1.320   2.050   0.119   2.052   2.090
    1.000  -0.486  -0.180   0.962  -0.314  -0.423   2.626   1.110
   -1.294  -0.530   0.089   0.895  -2.116   2.600   3.316   1.878
   -0.671   0.044   0.530  -1.576   0.001   3.127   1.030   1.925
   -0.997  -0.554  -0.939   0.765  -0.176  -0.809   2.251   0.320
   -0.650  -1.019   1.643   1.480   0.569   0.884   1.342  -0.012
   -0.312  -0.831   2.052   0.354   0.050   1.744   3.606   2.022
    1.728  -1.444   0.119   0.142  -0.874  -0.338   3.935   2.367
   -1.929  -0.712   0.466   0.290   0.019   0.877   2.531   0.110
    0.062  -0.829   0.772  -0.432   1.578  -0.772   2.939   1.085
   -0.719  -2.801   0.966  -2.423  -0.950   0.612   1.333   1.569
   -1.190   1.196   0.470   0.257  -0.832   2.614   2.926   1.487
   -1.484  -1.507   0.492  -0.751  -0.494   4.762   1.261   2.517
   -1.027  -2.926  -0.687   1.399   0.854  -0.865   1.287   2.320
   -0.498  -1.443   0.421  -0.886   0.001   4.637   2.059   3.244
   -2.001  -0.619  -0.139   2.179  -0.622   2.522   1.199   3.397
   -0.107  -1.535  -2.481  -1.420   1.485   3.203   4.935  -0.974
    1.960  -3.450  -3.641   0.470  -0.225   0.386   1.678   2.454
    0.627  -3.730  -1.748  -1.651   0.741   0.992   1.864   1.300
    0.186  -3.573  -3.261  -0.820   0.855   0.658   2.754   0.589
    0.671  -1.212  -3.708  -0.336   1.858   5.191  -0.086  -1.457
   -1.698  -3.533  -2.747  -0.177   0.408   1.206   1.517   0.166
    0.050  -3.258  -3.989  -0.175   1.832   2.834   2.138  -2.036
   -1.114  -3.832  -3.035  -1.049   0.258   5.066  -0.802  -0.037
    0.991  -2.582  -4.354  -0.411   1.196   0.978   2.782   2.567
    0.934  -3.262  -2.592  -0.505   1.259   0.415   2.504   0.209
    1.640  -3.245  -3.793  -0.158  -0.144   0.691   3.470   0.410
   -0.464  -3.255  -4.007  -1.798   2.073   0.939   2.664   2.002
    0.371  -2.720  -4.650  -1.672   0.207   0.376   3.413   0.835
    0.753  -3.208  -3.546  -0.724   1.042   0.048   1.967   0.356
    0.423  -3.074  -3.484  -1.012   0.558  -0.079   2.404   0.140
   -0.353  -3.345  -4.178  -1.104   0.225  -0.117   2.278  -0.300
   -2.256  -2.389  -0.809   0.799  -0.364   0.572   0.668  -0.129
   -2.371  -1.940  -1.783   3.600  -0.181   0.490   0.759   0.022
   -2.073  -3.331  -1.363   1.688   0.465   0.423   2.034  -0.306
   -0.556  -2.200  -1.045   3.190   0.328   0.040   2.486   2.073
   -2.746  -2.213  -1.316   0.812  -0.656   1.356   1.694   0.250
   -1.939  -2.697  -1.082   0.022  -1.050   1.847   1.589   1.070
   -2.617  -1.912  -1.594   0.323   0.303   1.915   1.941   0.207
   -2.149  -2.788  -0.963   1.490  -0.133  -0.142   1.882   0.532
   -2.087  -3.884  -1.893   3.080  -0.633   1.502   1.712   0.857
   -2.602  -3.084  -1.106   1.240  -0.404   0.839   0.982   0.480
   -2.192  -3.463  -0.777   2.834  -0.222   0.993   1.612  -0.539
   -2.484  -1.811  -1.382   0.538  -0.575   0.905   2.951   0.993
   -2.718  -3.157  -0.692   2.448   0.116   0.816   1.401   0.324
   -1.943  -3.136  -1.953   2.011  -0.793   0.864   2.227   0.438
   -2.032  -2.833  -1.939   1.126   0.089   0.551   2.066  -0.124
   -3.124  -2.723  -1.258   2.604  -0.776   2.071   1.663  -0.155
    0.294   0.946  -0.376   1.777  -2.797   5.011   3.396   2.475
    1.350   0.990  -1.175   1.912  -2.343   3.967   1.628   2.917
    1.894   1.593   1.074   0.846  -1.127   3.314   3.062   0.650
    1.313  -1.040  -2.609   0.586  -2.617   0.510   0.957   1.991
    1.535   1.513  -2.272   1.546  -2.135   1.499   1.824   1.930
    1.162   0.266  -0.745   1.261  -2.556   3.457  -1.306   1.179
    0.661   2.821  -1.338   0.917  -0.012   4.583  -0.512   0.483
    0.702   2.034  -1.256   1.352  -1.736   4.762   0.188  -1.657
   -1.522  -2.760  -2.307   3.811  -1.043   0.598   0.496   2.026
   -1.320   2.465  -0.658   1.487  -0.114   3.344   1.253   0.963
    1.544   3.272  -2.139   1.448  -0.583   2.685  -0.983  -1.647
   -0.056   2.013   0.012   0.038  -1.932   4.581   0.735   1.915
    0.499   0.878  -2.194   0.681  -2.998   4.226  -1.180   0.400
   -1.513  -0.624  -0.102  -0.860  -1.957   4.975   1.271   2.387
   -0.358  -0.181   0.138  -0.046  -2.805   5.271   0.134   1.737
    2.242  -0.705   0.267   1.497  -1.542   6.991   2.886   1.969
    1.182  -2.266  -3.039   2.120  -1.973   3.768  -0.053   1.640
    3.525  -4.720  -1.794   1.520  -1.008   3.757   2.778   1.734
    3.041  -2.614  -2.205   1.700  -0.600   5.584   2.843   1.687
    1.923  -3.616  -2.721   0.453  -0.162   1.502   2.651   0.481
    3.372  -2.631  -1.612   0.322  -0.227   4.104   3.441   2.940
    3.052  -2.942  -0.279   1.472  -1.423   4.531   1.081   3.037
    2.143  -2.825  -1.988  -0.770  -0.489   5.383   0.780  -0.285
    2.261  -2.511  -2.717   2.979  -1.858   1.874  -0.143   1.661
    3.520  -2.615  -1.735   2.599  -0.124   1.677   0.589   2.124
    3.606  -3.315  -1.250   2.781   0.312   3.619  -0.209   4.069
   -1.433  -2.348  -1.689   5.101  -1.194   2.225  -0.230  -1.269
   -1.422  -1.947  -3.542   1.500  -0.645   1.219   2.446   0.680
    1.626  -3.587  -2.975   3.414   0.628   6.305  -0.543   1.071
    2.006  -3.272  -1.685   2.569  -1.753   5.047   1.085   2.197
   -1.366  -1.632  -1.679   1.327  -0.296   4.577  -2.044   1.734
   -1.505  -1.327  -1.044   2.436  -2.544   2.688   2.609   1.535
   -0.380   1.645  -0.511   0.506  -1.009   5.449  -0.339   0.012
    1.482   1.313  -0.445  -0.204  -2.399   2.623   2.833   2.923
    0.008   1.370   0.980  -1.257  -2.228   2.603   0.432   0.807
   -1.163   0.870  -0.435  -0.176  -2.903   4.366   0.873   0.818
    1.182   1.780  -0.147   1.539  -2.954   5.432   1.641   1.579
   -0.437  -0.624   0.283  -0.791  -1.100   2.644  -1.024   1.944
    2.381   0.785  -0.648  -0.829  -3.309   4.760   2.800   0.729
    1.223   0.598   0.185   0.401  -3.112   4.267   2.627   1.717
   -0.825   0.624  -0.372   0.079  -2.188   4.689   0.177   1.664
    1.416   0.459  -1.436  -1.276  -2.324   4.185   3.187   1.580
    1.363   2.228  -1.669   1.053  -2.827   2.164   0.519   1.390
   -0.744  -2.371  -1.899  -1.096  -1.320   1.839   1.037   2.411
    0.334   2.941  -2.462  -0.233  -2.518   0.647   0.162  -0.041
    1.144  -0.428   0.895   2.009  -2.369   6.579  -0.605  -1.406
   -1.340   2.287  -2.691  -0.454  -2.429   5.250   0.525   0.877
    0.738   0.284   0.889   0.782  -2.621   7.206   1.488  -0.749
    2.333  -2.617  -3.418  -2.479   0.435   3.532   3.310   0.928
    0.193  -0.133  -3.076   1.966   1.429   5.388  -0.606  -0.650
    0.945  -0.978  -1.478  -0.535  -1.040   1.461   0.754   3.344
    4.319  -2.756   0.733  -0.836   1.190   3.289   1.774   2.640
    2.495  -2.013  -3.622  -0.940  -0.946   5.585   2.455   1.633
    4.102  -3.315  -2.291   0.949  -0.182   0.481   0.928   0.494
    0.996  -2.386  -2.620  -1.886   1.196   0.666   3.019   0.008
    3.324  -3.415   0.509  -0.853  -1.520   4.060   3.608   0.897
    2.302  -2.458  -1.962  -1.040  -0.472   3.686   4.214  -0.104
    0.119  -1.827  -2.512  -0.928  -0.467   3.781   4.532   2.425
    2.002  -2.571   0.922  -0.988  -1.051  -0.043   2.333  -0.158
    2.548  -2.920  -2.282  -1.578  -0.232   1.831   2.408   1.059
    1.005  -2.385  -1.754  -2.285   1.029   2.174  -0.437   1.293
    1.050  -3.011  -3.078  -2.160  -0.306   3.596   3.206   1.357
    3.397  -2.665  -1.559  -0.699  -0.378   3.215   3.332   1.940
    2.463  -2.793  -1.517  -2.213  -0.955   3.721   2.294   1.672
    2.877  -2.662  -1.227  -1.193   0.480   5.052   2.521   1.912
    2.931  -2.845  -0.193  -0.933   0.639   0.417   0.523   0.993
    3.311  -1.894  -1.456  -0.262  -1.694   0.696   2.495   1.206
   -1.982  -2.869  -2.625   1.666  -0.588   3.282   2.683   2.325
    1.193  -2.320  -2.897  -0.698  -1.891   1.100   1.848   3.150
    2.568  -2.882  -2.458  -1.841  -0.017   2.835   2.211   0.285
    2.062  -1.185  -1.856  -2.904  -0.118   1.850   2.881   0.549
    2.110  -2.611  -2.331   1.086  -1.833   1.811   1.178   2.465
    0.245  -3.540  -2.725  -0.644  -1.297   4.181   2.313   1.177
    1.659  -2.668  -3.620  -1.099   0.492   0.644   2.260  -1.590
    2.664  -2.751  -2.536  -1.297  -0.554   2.314   1.879   2.268
    4.241  -2.741  -1.854  -0.214  -0.362   1.653   1.370   0.925
    1.917  -4.017  -2.519  -1.978  -0.758   4.747   1.285   1.225
   -0.128  -3.743  -2.824  -1.976   0.033   4.459   0.560   1.871
    0.733  -3.065  -1.906  -1.978  -0.231   5.565   0.444   2.607
   -0.254  -3.368  -2.123  -1.855  -0.010   4.123   0.469   1.282
    4.101  -1.871  -0.253   1.341  -0.595   0.919   1.187   1.929
    3.576  -2.551  -1.370   3.242   1.297   0.796   2.447   1.079
    3.231  -1.193  -3.432   2.870   0.340   0.281   0.195  -1.356
    3.308  -1.143  -1.327   2.460  -1.459  -0.638  -0.414   1.822
   -0.434  -3.593  -0.216   1.668   0.595   0.205   3.188   1.787
    3.459  -2.862  -2.658   1.372  -0.110   0.214   1.392   0.089
    3.913  -2.454  -2.501   0.176  -0.479   0.925   1.514   0.192
    1.212  -2.948  -2.976   3.159  -0.024   1.965   1.414   1.728
    2.344  -1.799  -2.493   3.787  -0.533   0.239   1.425   1.278
    3.233  -1.862  -1.666   2.078  -1.474   0.526   0.149   0.504
    3.181  -1.191  -2.525   3.245  -0.509  -0.805   1.459   0.975
    2.497  -3.069  -0.004   3.617   1.444   2.492   1.959   3.123
    3.119  -2.843  -3.462   3.134   0.501   0.614   0.319   0.582
    3.663  -2.090  -1.946   4.166  -0.383   0.886   1.197   0.784
    3.102  -2.593  -3.442   4.326   0.271   2.207  -0.752   0.326
    3.150  -2.691  -2.120   3.683  -0.190   0.395   0.884   0.597
    0.252  -2.563  -2.389   3.625  -2.119   0.891   0.538   1.149
   -0.673   0.222  -0.992   2.863  -1.483   0.687   1.660   0.947
    1.813   0.063  -0.306   1.981  -1.274  -0.366   1.144   1.002
    2.073   0.389  -2.025   4.647  -1.983   2.206   1.817   1.444
    1.926  -0.951  -1.771   2.104  -0.314   5.143  -0.428  -0.473
   -0.223  -0.397   0.204   2.787  -2.053   0.341   1.272   1.193
    3.830  -1.015   0.090   3.305  -3.185   2.052   1.841   1.349
    3.669  -1.797  -2.877   3.404  -1.370   1.620   0.469   1.210
    2.718  -0.393  -1.852   4.366  -1.648   2.430  -0.693   0.687
    3.559  -1.388  -2.442   2.588  -0.113   2.242  -1.563   0.373
    1.695  -1.256  -1.583   3.587   0.146   4.153  -1.976  -0.322
    2.520  -1.881  -1.617   3.651  -1.429  -0.066   1.315   1.241
    3.663  -1.812  -0.947   4.750  -2.065   0.838   1.906  -0.310
    3.404  -1.100   0.342   4.351  -2.335   1.935   0.484   0.940
    4.027  -1.205  -0.588   3.714  -2.881   0.917   0.775   0.529
    1.240  -0.915  -0.614   3.543  -1.344   2.056   0.821   2.181
   -0.498  -1.393  -2.233  -0.003   3.055   5.535   0.249   2.908
    2.481  -2.919  -2.287  -0.976   1.510   4.753   2.691   1.938
    3.274  -2.500  -1.285  -1.853   2.015   3.961   2.695   0.590
    3.144  -2.605  -1.122  -1.701   0.073   4.188   2.877   0.385
   -0.110  -1.735  -2.490   0.094   1.882   6.060  -1.012  -1.968
    2.445  -1.436  -1.644  -0.711   2.665   4.383  -0.233   2.167
    1.155  -0.735  -3.120   1.232   3.727   5.903  -0.122   0.698
    3.593  -2.394  -1.711  -0.415   1.197   5.762   3.101   0.039
    0.895  -0.958  -2.656   0.174   3.622   6.017  -0.156  -0.388
    1.485  -1.506  -0.267  -2.068   1.275   5.076  -0.570   0.832
    1.738  -2.415  -0.628  -1.919   0.799   3.021   3.642   0.796
    2.656  -1.697  -0.650  -0.667   1.393   6.546   1.142   0.070
    1.185  -2.497   0.172  -0.467   1.015   6.451   1.526   2.366
    0.924  -4.413  -0.635  -1.328   0.955   6.606   0.592   0.255
    0.873  -2.528  -0.224  -1.563   0.800   6.683   0.814   0.287
   -0.156  -3.025   1.208  -1.523  -0.002   5.798  -0.544   2.150
   -0.686  -4.034  -2.568   0.174  -0.285   2.358   0.389   1.240
   -2.106  -2.409  -0.897   0.420  -0.418   1.947   2.433   2.126
    0.319  -1.808  -3.271  -1.126  -0.310   5.241  -0.618  -0.242
   -1.713  -3.817  -2.495   0.381   0.923   1.089   2.737   1.312
   -0.736  -3.307  -3.383  -0.108  -0.370   1.395   1.091   1.199
   -0.324  -0.406  -3.185   0.013   1.362   4.059  -0.535   2.490
    1.156  -3.568  -2.667  -0.558  -1.085   2.914   1.090   1.341
   -1.061  -2.725  -3.106  -1.306  -0.178   3.788  -0.626   0.711
   -1.630  -1.235  -3.076   0.309  -1.089   3.579   2.534   1.623
   -1.971  -2.854  -2.227  -0.474   0.422   0.803   1.927   0.255
    0.786  -1.192  -1.842   0.284   0.944   5.981  -0.494   1.672
    0.749  -3.021  -1.908  -1.689  -0.493   4.441  -0.122   1.618
   -0.054  -2.743  -1.435  -2.903   0.315   3.161   1.833   1.288
    0.007  -2.077  -4.012  -1.633  -0.366   2.558   4.210  -0.060
    0.177  -2.520  -2.293  -1.216   0.545   0.805   2.302   0.629
   -1.278  -3.130  -2.804  -0.759  -0.152   1.503   2.577  -0.025

